7421
7361
7340
7305
7283
7196
7167
7117
7101
7070
7052
7017
6966
6932
6895
6863
6820
6804
6753
6729
6691
6522
6503
6442
6356
6335
6295
6243
6225
6175
6138
6086
6073
6041
6032
6000
5970
5957
5885
5848
5802
5723
5672
5645
5630
5627
5619
5600
5585
5558
5524
5471
5463
5448
5437
5389
5363
5360
5356
5331
5309
5292
5283
5271
5263
5259
5241
5206
5174
5168
5130
5104
5080
5049
5003
4940
4854
4797
4782
4761
4753
4740
4718
4680
4665
4648
4631
4608
4593
4562
4543
4535
4523
4509
4503
4498
4485
4480
4465
4452
4435
4416
4394
4388
4376
4361
4348
4339
4328
4313
4303
4279
4269
4238
4219
4208
4185
4173
4120
4070
4057
4049
4041
4021
3995
3986
3977
3969
3927
3908
3882
3871
3857
3834
3828
3822
3813
3812
3781
3776
3760
3759
3748
3741
3726
3707
3703
3702
3701
3700
3687
3684
3680
3674
3665
3659
3646
3640
3633
3632
3613
3612
3575
3553
3541
3538
3504
3500
3496
3464
3455
3442
3430
3428
3417
3415
3411
3392
3369
3355
3336
3313
3302
3298
3270
3249
3244
3235
3206
3203
3191
3190
3154
3152
3133
3107
3074
3067
3063
3048
3044
3037
3023
3019
3009
3008
3007
3002
2988
2983
2968
2965
2938
2925
2917
2900
2893
2884
2883
2875
2874
2872
2870
2866
2857
2855
2854
2814
2803
2797
2789
2781
2775
2765
2756
2741
2736
2726
2722
2718
2703
2658
2657
2642
2630
2627
2621
2613
2608
2599
2592
2590
2583
2568
2559
2549
2547
2539
2534
2532
2524
2515
2514
2487
2470
2468
2466
2457
2412
2410
2404
2388
2377
2372
2361
2358
2346
2337
2316
2309
2297
2295
2294
2293
2277
2273
2256
2254
2253
2228
2219
2202
2189
2178
2157
2132
2130
2123
2115
2100
2098
2092
2089
2082
2070
2069
2034
2019
2018
2016
2002
1996
1986
1980
1971
1969
1952
1951
1938
1916
1915
1914
1912
1898
1882
1878
1864
1858
1849
1848
1825
1812
1782
1781
1776
1765
1755
1750
1743
1740
1700
1688
1656
1654
1648
1602
1593
1586
1582
1581
1568
1567
1564
1543
1538
1536
1504
1500
1488
1486
1485
1481
1479
1478
1474
1472
1471
1470
1466
1460
1452
1443
1420
1415
1405
1399
1389
1375
1362
1334
1330
1315
1314
1305
1302
1299
1298
1295
1287
1280
1263
1250
1246
1243
1241
1239
1236
1232
1225
1223
1220
1211
1206
1200
1197
1185
1184
1180
1175
1165
1162
1160
1152
1148
1144
1138
1134
1132
1126
1120
1118
1115
1108
1102
1100
1094
1088
1081
1072
1068
1045
1041
1032
1016
1014
1010
1005
983
976
972
969
956
954
938
918
912
908
903
897
893
892
887
886
876
870
867
864
858
855
854
852
849
848
847
842
841
836
828
827
824
821
819
814
807
804
801
797
793
785
782
776
775
773
771
766
763
761
760
757
756
754
749
744
743
741
737
736
732
730
729
725
718
717
715
712
711
708
707
702
697
693
692
691
690
676
669
668
665
664
662
656
655
654
653
651
650
646
643
642
640
635
632
631
630
629
627
621
618
616
614
592
587
585
577
574
572
567
566
565
562
559
553
552
551
550
539
537
536
534
533
531
530
528
526
523
522
521
519
516
515
512
511
508
507
505
502
497
492
490
485
483
479
477
472
461
460
455
450
449
448
447
445
444
441
439
437
436
435
432
431
430
428
421
417
416
414
413
405
404
392
391
386
384
383
381
379
372
366
351
350
349
340
338
332
330
326
321
317
313
310
309
307
306
303
296
295
291
290
286
283
280
279
274
271
270
267
264
253
251
247
246
244
238
237
235
234
233
228
223
221
212
211
210
196
194
193
192
190
188
186
185
184
181
175
173
171
170
169
168
167
166
165
164
159
158
156
155
150
148
146
145
144
143
142
141
138
137
135
134
128
120
116
115
114
113
112
111
110
109
108
107
106
105
103
102
101
98
96
95
91
89
88
87
86
77
76
73
71
65
63
60
59
58
42
41
39
36
27
22
21
20
19
17
16
15
14
13
